Loaded ./outs/data/train/d8a1d270154b70e2aa1bf88d515bc6b2.npz:
  Keys: ['faces', 'vertices']
  faces shape: (72, 3, 3)
  faces data:
[[[ 0.436436 -0.113473  0.087287]
  [ 0.480079 -0.113473  0.087287]
  [ 0.480079  0.061101  0.087287]]

 [[ 0.436436 -0.113473  0.087287]
  [ 0.436436  0.061101  0.087287]
  [ 0.480079  0.061101  0.087287]]

 [[ 0.436436 -0.113473  0.087287]
  [ 0.480079 -0.113473  0.087287]
  [ 0.480079  0.061101  0.087287]]

 [[ 0.436436 -0.113473  0.087287]
  [ 0.436436  0.061101  0.087287]
  [ 0.480079  0.061101  0.087287]]

 [[ 0.480079 -0.113473 -0.087287]
  [ 0.436436 -0.113473  0.087287]
  [ 0.480079 -0.113473  0.087287]]

 [[ 0.480079 -0.113473 -0.087287]
  [ 0.436436 -0.113473  0.087287]
  [ 0.480079 -0.113473  0.087287]]

 [[ 0.480079 -0.113473 -0.087287]
  [ 0.480079 -0.113473  0.087287]
  [ 0.480079  0.061101  0.087287]]

 [[ 0.480079 -0.113473 -0.087287]
  [ 0.480079 -0.113473  0.087287]
  [ 0.480079  0.061101  0.087287]]

 [[ 0.436436  0.061101 -0.087287]
  [ 0.436436  0.061101  0.087287]
  [ 0.480079  0.061101  0.087287]]

 [[ 0.436436  0.061101 -0.087287]
  [ 0.436436  0.061101  0.087287]
  [ 0.480079  0.061101  0.087287]]

 [[ 0.436436  0.061101 -0.087287]
  [ 0.436436 -0.113473  0.087287]
  [ 0.436436  0.061101  0.087287]]

 [[ 0.436436  0.061101 -0.087287]
  [ 0.436436 -0.113473  0.087287]
  [ 0.436436  0.061101  0.087287]]

 [[ 0.436436 -0.113473 -0.087287]
  [ 0.480079 -0.113473 -0.087287]
  [ 0.436436 -0.113473  0.087287]]

 [[ 0.436436 -0.113473 -0.087287]
  [ 0.480079 -0.113473 -0.087287]
  [ 0.436436 -0.113473  0.087287]]

 [[ 0.480079 -0.113473 -0.087287]
  [ 0.480079  0.061101 -0.087287]
  [ 0.480079  0.061101  0.087287]]

 [[ 0.480079 -0.113473 -0.087287]
  [ 0.480079  0.061101 -0.087287]
  [ 0.480079  0.061101  0.087287]]

 [[ 0.436436  0.061101 -0.087287]
  [ 0.480079  0.061101 -0.087287]
  [ 0.480079  0.061101  0.087287]]

 [[ 0.436436  0.061101 -0.087287]
  [ 0.480079  0.061101 -0.087287]
  [ 0.480079  0.061101  0.087287]]

 [[ 0.436436 -0.113473 -0.087287]
  [ 0.436436  0.061101 -0.087287]
  [ 0.436436 -0.113473  0.087287]]

 [[ 0.436436 -0.113473 -0.087287]
  [ 0.436436  0.061101 -0.087287]
  [ 0.436436 -0.113473  0.087287]]

 [[ 0.436436 -0.113473 -0.087287]
  [ 0.480079 -0.113473 -0.087287]
  [ 0.436436  0.061101 -0.087287]]

 [[ 0.436436 -0.113473 -0.087287]
  [ 0.480079 -0.113473 -0.087287]
  [ 0.436436  0.061101 -0.087287]]

 [[ 0.480079 -0.113473 -0.087287]
  [ 0.436436  0.061101 -0.087287]
  [ 0.480079  0.061101 -0.087287]]

 [[ 0.480079 -0.113473 -0.087287]
  [ 0.436436  0.061101 -0.087287]
  [ 0.480079  0.061101 -0.087287]]

 [[-0.480079 -0.113473  0.087287]
  [-0.436436 -0.113473  0.087287]
  [-0.436436  0.061101  0.087287]]

 [[-0.480079 -0.113473  0.087287]
  [-0.480079  0.061101  0.087287]
  [-0.436436  0.061101  0.087287]]

 [[-0.480079 -0.113473  0.087287]
  [-0.436436 -0.113473  0.087287]
  [-0.436436  0.061101  0.087287]]

 [[-0.480079 -0.113473  0.087287]
  [-0.480079  0.061101  0.087287]
  [-0.436436  0.061101  0.087287]]

 [[-0.436436 -0.113473 -0.087287]
  [-0.480079 -0.113473  0.087287]
  [-0.436436 -0.113473  0.087287]]

 [[-0.436436 -0.113473 -0.087287]
  [-0.480079 -0.113473  0.087287]
  [-0.436436 -0.113473  0.087287]]

 [[-0.436436 -0.113473 -0.087287]
  [-0.436436 -0.113473  0.087287]
  [-0.436436  0.061101  0.087287]]

 [[-0.436436 -0.113473 -0.087287]
  [-0.436436 -0.113473  0.087287]
  [-0.436436  0.061101  0.087287]]

 [[-0.480079  0.061101 -0.087287]
  [-0.480079  0.061101  0.087287]
  [-0.436436  0.061101  0.087287]]

 [[-0.480079  0.061101 -0.087287]
  [-0.480079  0.061101  0.087287]
  [-0.436436  0.061101  0.087287]]

 [[-0.480079  0.061101 -0.087287]
  [-0.480079 -0.113473  0.087287]
  [-0.480079  0.061101  0.087287]]

 [[-0.480079  0.061101 -0.087287]
  [-0.480079 -0.113473  0.087287]
  [-0.480079  0.061101  0.087287]]

 [[-0.480079 -0.113473 -0.087287]
  [-0.436436 -0.113473 -0.087287]
  [-0.480079 -0.113473  0.087287]]

 [[-0.480079 -0.113473 -0.087287]
  [-0.436436 -0.113473 -0.087287]
  [-0.480079 -0.113473  0.087287]]

 [[-0.436436 -0.113473 -0.087287]
  [-0.436436  0.061101 -0.087287]
  [-0.436436  0.061101  0.087287]]

 [[-0.436436 -0.113473 -0.087287]
  [-0.436436  0.061101 -0.087287]
  [-0.436436  0.061101  0.087287]]

 [[-0.480079  0.061101 -0.087287]
  [-0.436436  0.061101 -0.087287]
  [-0.436436  0.061101  0.087287]]

 [[-0.480079  0.061101 -0.087287]
  [-0.436436  0.061101 -0.087287]
  [-0.436436  0.061101  0.087287]]

 [[-0.480079 -0.113473 -0.087287]
  [-0.480079  0.061101 -0.087287]
  [-0.480079 -0.113473  0.087287]]

 [[-0.480079 -0.113473 -0.087287]
  [-0.480079  0.061101 -0.087287]
  [-0.480079 -0.113473  0.087287]]

 [[-0.480079 -0.113473 -0.087287]
  [-0.436436 -0.113473 -0.087287]
  [-0.480079  0.061101 -0.087287]]

 [[-0.480079 -0.113473 -0.087287]
  [-0.436436 -0.113473 -0.087287]
  [-0.480079  0.061101 -0.087287]]

 [[-0.436436 -0.113473 -0.087287]
  [-0.480079  0.061101 -0.087287]
  [-0.436436  0.061101 -0.087287]]

 [[-0.436436 -0.113473 -0.087287]
  [-0.480079  0.061101 -0.087287]
  [-0.436436  0.061101 -0.087287]]

 [[ 0.480079  0.061101 -0.087287]
  [-0.480079  0.061101  0.087287]
  [ 0.480079  0.061101  0.087287]]

 [[-0.480079  0.061101 -0.087287]
  [ 0.480079  0.061101 -0.087287]
  [-0.480079  0.061101  0.087287]]

 [[ 0.480079  0.061101 -0.087287]
  [-0.480079  0.061101  0.087287]
  [ 0.480079  0.061101  0.087287]]

 [[-0.480079  0.061101 -0.087287]
  [ 0.480079  0.061101 -0.087287]
  [-0.480079  0.061101  0.087287]]

 [[ 0.480079  0.061101 -0.087287]
  [ 0.480079  0.061101  0.087287]
  [ 0.480079  0.104745  0.087287]]

 [[ 0.480079  0.061101 -0.087287]
  [ 0.480079  0.061101  0.087287]
  [ 0.480079  0.104745  0.087287]]

 [[-0.480079  0.061101  0.087287]
  [ 0.480079  0.061101  0.087287]
  [ 0.480079  0.104745  0.087287]]

 [[-0.480079  0.061101  0.087287]
  [ 0.480079  0.061101  0.087287]
  [ 0.480079  0.104745  0.087287]]

 [[-0.480079  0.061101 -0.087287]
  [-0.480079  0.104745 -0.087287]
  [-0.480079  0.061101  0.087287]]

 [[-0.480079  0.061101 -0.087287]
  [-0.480079  0.104745 -0.087287]
  [-0.480079  0.061101  0.087287]]

 [[-0.480079  0.061101 -0.087287]
  [ 0.480079  0.061101 -0.087287]
  [-0.480079  0.104745 -0.087287]]

 [[-0.480079  0.061101 -0.087287]
  [ 0.480079  0.061101 -0.087287]
  [-0.480079  0.104745 -0.087287]]

 [[ 0.480079  0.061101 -0.087287]
  [ 0.480079  0.104745 -0.087287]
  [ 0.480079  0.104745  0.087287]]

 [[ 0.480079  0.061101 -0.087287]
  [ 0.480079  0.104745 -0.087287]
  [ 0.480079  0.104745  0.087287]]

 [[-0.480079  0.061101  0.087287]
  [-0.480079  0.104745  0.087287]
  [ 0.480079  0.104745  0.087287]]

 [[-0.480079  0.061101  0.087287]
  [-0.480079  0.104745  0.087287]
  [ 0.480079  0.104745  0.087287]]

 [[-0.480079  0.104745 -0.087287]
  [-0.480079  0.061101  0.087287]
  [-0.480079  0.104745  0.087287]]

 [[-0.480079  0.104745 -0.087287]
  [-0.480079  0.061101  0.087287]
  [-0.480079  0.104745  0.087287]]

 [[ 0.480079  0.061101 -0.087287]
  [-0.480079  0.104745 -0.087287]
  [ 0.480079  0.104745 -0.087287]]

 [[ 0.480079  0.061101 -0.087287]
  [-0.480079  0.104745 -0.087287]
  [ 0.480079  0.104745 -0.087287]]

 [[-0.480079  0.104745 -0.087287]
  [ 0.480079  0.104745 -0.087287]
  [ 0.480079  0.104745  0.087287]]

 [[-0.480079  0.104745 -0.087287]
  [ 0.480079  0.104745 -0.087287]
  [ 0.480079  0.104745  0.087287]]

 [[-0.480079  0.104745 -0.087287]
  [-0.480079  0.104745  0.087287]
  [ 0.480079  0.104745  0.087287]]

 [[-0.480079  0.104745 -0.087287]
  [-0.480079  0.104745  0.087287]
  [ 0.480079  0.104745  0.087287]]]
  vertices shape: (20, 3)
  vertices data:
[[ 0.480079  0.061101  0.087287]
 [ 0.436436 -0.113473  0.087287]
 [ 0.480079 -0.113473  0.087287]
 [ 0.436436  0.061101  0.087287]
 [ 0.480079 -0.113473 -0.087287]
 [ 0.436436  0.061101 -0.087287]
 [ 0.436436 -0.113473 -0.087287]
 [ 0.480079  0.061101 -0.087287]
 [-0.436436  0.061101  0.087287]
 [-0.480079 -0.113473  0.087287]
 [-0.436436 -0.113473  0.087287]
 [-0.480079  0.061101  0.087287]
 [-0.436436 -0.113473 -0.087287]
 [-0.480079  0.061101 -0.087287]
 [-0.480079 -0.113473 -0.087287]
 [-0.436436  0.061101 -0.087287]
 [ 0.480079  0.104745  0.087287]
 [-0.480079  0.104745 -0.087287]
 [ 0.480079  0.104745 -0.087287]
 [-0.480079  0.104745  0.087287]]
